time,acc_x,acc_y,acc_z,mag_x,mag_y,mag_z,gyr_x,gyr_y,gyr_z,ori_z,ori_y,ori_x,q,p1,p2,p3,A0,A1,A2
1589550660.8413846,-0.2,-4.11,8.8,0.5077777777777778,0.27555555555555555,-0.6166666666666667,0.001090830782496456,0.007635815477475192,-0.009817477042468103,4.744023073077087,-0.022907446432425576,0.42978732830360367,0.70196533203125,-0.16156005859375,-0.13970947265625,0.67938232421875,0.34469892955945086,0.41075044065421673,0.12811918701524114
1589550660.8529675,-0.18,-4.1,8.82,0.5077777777777778,0.27555555555555555,-0.6166666666666667,0.001090830782496456,0.007635815477475192,-0.014180800172453926,4.7451139038595835,-0.022907446432425576,0.42978732830360367,0.7020263671875,-0.16156005859375,-0.13970947265625,0.6793212890625,0.3291641949951565,0.3890400161097513,0.1292532014968994
1589550660.8589814,-0.17,-4.09,8.82,0.4955555555555556,0.2877777777777778,-0.6144444444444445,0.001090830782496456,0.001090830782496456,-0.017453292519943295,4.7451139038595835,-0.022907446432425576,0.42978732830360367,0.70208740234375,-0.16156005859375,-0.1397705078125,0.67926025390625,0.3291641949951565,0.3890400161097513,0.1292532014968994
1589550660.869433,-0.22,-4.12,8.79,0.4955555555555556,0.2877777777777778,-0.6144444444444445,0.001090830782496456,0.0,-0.025089107997418484,4.7451139038595835,-0.022907446432425576,0.42978732830360367,0.7021484375,-0.16156005859375,-0.1397705078125,0.67919921875,0.33337121366189926,0.3920522731410346,0.1292532014968994
1589550660.884316,-0.25,-4.12,8.72,0.4955555555555556,0.2877777777777778,-0.6144444444444445,0.002181661564992912,0.001090830782496456,-0.0272707695624114,4.7451139038595835,-0.022907446432425576,0.42978732830360367,0.7022705078125,-0.1614990234375,-0.13983154296875,0.6790771484375,0.29969651553482884,0.41075044065421673,0.12887311799485168
1589550660.891189,-0.29,-4.15,8.75,0.4955555555555556,0.2877777777777778,-0.6144444444444445,0.0,-0.002181661564992912,-0.02617993877991494,4.7451139038595835,-0.022907446432425576,0.42978732830360367,0.70233154296875,-0.1614990234375,-0.13983154296875,0.67901611328125,0.29969651553482884,0.41075044065421673,0.12887311799485168
1589550660.9057813,-0.27,-4.17,8.89,0.4955555555555556,0.2877777777777778,-0.6144444444444445,-0.00545415391248228,-0.006544984694978735,-0.028361600344907853,4.746204734642079,-0.02181661564992912,0.42978732830360367,0.70245361328125,-0.1614990234375,-0.139892578125,0.67889404296875,0.30895340572783037,0.4042283755220455,0.1292532014968994
1589550660.9114895,-0.24,-4.12,8.89,0.5022222222222222,0.2877777777777778,-0.6222222222222222,-0.006544984694978735,-0.002181661564992912,-0.028361600344907853,4.746204734642079,-0.02181661564992912,0.42978732830360367,0.7025146484375,-0.1614990234375,-0.139892578125,0.6788330078125,0.30895340572783037,0.4042283755220455,0.1292532014968994
1589550660.9234266,-0.2,-4.1,8.88,0.5022222222222222,0.2877777777777778,-0.6222222222222222,-0.00545415391248228,0.001090830782496456,-0.02945243112740431,4.746204734642079,-0.02181661564992912,0.42978732830360367,0.70263671875,-0.1614990234375,-0.139892578125,0.6787109375,0.35199575785121906,0.316711414149526,0.11549435243709075
1589550660.9293585,-0.25,-4.11,8.76,0.5022222222222222,0.2877777777777778,-0.6222222222222222,-0.004363323129985824,0.004363323129985824,-0.02945243112740431,4.747295565424576,-0.02181661564992912,0.42978732830360367,0.70269775390625,-0.1614990234375,-0.13995361328125,0.6785888671875,0.35199575785121906,0.316711414149526,0.11549435243709075
1589550660.942975,-0.26,-4.15,8.81,0.5022222222222222,0.2877777777777778,-0.6222222222222222,0.001090830782496456,0.0032724923474893677,-0.02945243112740431,4.747295565424576,-0.02181661564992912,0.42978732830360367,0.70281982421875,-0.1614990234375,-0.13995361328125,0.67852783203125,0.33337121366189926,0.316711414149526,0.12849511873515432
1589550660.9508278,-0.28,-4.16,8.83,0.5022222222222222,0.2877777777777778,-0.6222222222222222,0.001090830782496456,0.00545415391248228,-0.02617993877991494,4.747295565424576,-0.02181661564992912,0.42978732830360367,0.702880859375,-0.1614990234375,-0.1400146484375,0.67840576171875,0.33337121366189926,0.316711414149526,0.12849511873515432
1589550660.9630382,-0.29,-4.15,8.82,0.4955555555555556,0.27555555555555555,-0.6088888888888889,-0.001090830782496456,0.002181661564992912,-0.02399827721492203,4.747295565424576,-0.02181661564992912,0.42978732830360367,0.7030029296875,-0.1614990234375,-0.1400146484375,0.6783447265625,0.33337121366189926,0.29969651553482884,0.11460525354398816
1589550660.9688065,-0.27,-4.16,8.84,0.4955555555555556,0.27555555555555555,-0.6088888888888889,-0.001090830782496456,0.001090830782496456,-0.022907446432425576,4.747295565424576,-0.02181661564992912,0.42978732830360367,0.70306396484375,-0.1614990234375,-0.1400146484375,0.67828369140625,0.33337121366189926,0.29969651553482884,0.11460525354398816
1589550660.9817207,-0.27,-4.16,8.7,0.4955555555555556,0.27555555555555555,-0.6088888888888889,0.001090830782496456,0.001090830782496456,-0.022907446432425576,4.7483863962070725,-0.02181661564992912,0.42978732830360367,0.703125,-0.1614990234375,-0.14007568359375,0.67816162109375,0.3248417572103921,0.4042283755220455,0.11671055785616678
1589550660.9901795,-0.26,-4.18,8.82,0.4955555555555556,0.27555555555555555,-0.6088888888888889,-0.001090830782496456,-0.001090830782496456,-0.02399827721492203,4.7483863962070725,-0.02181661564992912,0.42978732830360367,0.70318603515625,-0.1614990234375,-0.14007568359375,0.6781005859375,0.3248417572103921,0.4042283755220455,0.11671055785616678
1589550661.005664,-0.25,-4.16,8.87,0.4955555555555556,0.27555555555555555,-0.6088888888888889,-0.001090830782496456,0.002181661564992912,-0.02399827721492203,4.7483863962070725,-0.02181661564992912,0.42978732830360367,0.7032470703125,-0.1614990234375,-0.14013671875,0.677978515625,0.31468770072761004,0.4074650127970809,0.11671055785616678
1589550661.0256312,-0.28,-4.15,8.84,0.4955555555555556,0.2877777777777778,-0.6222222222222222,0.002181661564992912,0.006544984694978735,-0.022907446432425576,4.7483863962070725,-0.02181661564992912,0.42978732830360367,0.70330810546875,-0.1614990234375,-0.14013671875,0.67791748046875,0.3227201175914994,0.41713108403018173,0.13036738675694923
1589550661.0349805,-0.19,-4.08,8.75,0.4955555555555556,0.2877777777777778,-0.6222222222222222,-0.00545415391248228,-0.001090830782496456,-0.02181661564992912,4.749477226989569,-0.020725784867432664,0.42978732830360367,0.7034912109375,-0.1614990234375,-0.14019775390625,0.67779541015625,0.3227201175914994,0.41713108403018173,0.13036738675694923
1589550661.0553586,-0.19,-4.13,8.76,0.4955555555555556,0.2877777777777778,-0.6222222222222222,-0.007635815477475192,-0.00545415391248228,-0.022907446432425576,4.749477226989569,-0.020725784867432664,0.42978732830360367,0.70355224609375,-0.1614990234375,-0.14019775390625,0.67767333984375,0.316711414149526,0.4650333589250033,0.11795092836349685
1589550661.0608008,-0.17,-4.06,8.85,0.49,0.2822222222222222,-0.6,-0.01308996938995747,-0.01090830782496456,-0.028361600344907853,4.749477226989569,-0.020725784867432664,0.42978732830360367,0.70367431640625,-0.1614990234375,-0.14031982421875,0.677490234375,0.316711414149526,0.4650333589250033,0.11795092836349685
1589550661.086733,-0.18,-4.1,8.84,0.49,0.2822222222222222,-0.6,-0.01090830782496456,-0.011999138607461015,-0.031634092692397225,4.750568057772066,-0.020725784867432664,0.42978732830360367,0.70379638671875,-0.16143798828125,-0.14044189453125,0.67742919921875,0.3187595953260988,0.4650333589250033,0.13075576177870196
1589550661.0931141,-0.24,-4.12,8.76,0.49,0.2822222222222222,-0.6,-0.004363323129985824,-0.008726646259971648,-0.039269908169872414,4.750568057772066,-0.019634954084936207,0.4308781590861001,0.70404052734375,-0.161376953125,-0.14056396484375,0.67718505859375,0.32083268013065175,0.4650333589250033,0.13075576177870196
1589550661.1107266,-0.31,-4.18,8.82,0.49,0.2822222222222222,-0.6,-0.009817477042468103,-0.011999138607461015,-0.044724062082354694,4.751658888554562,-0.019634954084936207,0.4308781590861001,0.70416259765625,-0.16131591796875,-0.140625,0.677001953125,0.3248417572103921,0.500351803226227,0.1205070324868252
1589550661.1288927,-0.31,-4.17,8.82,0.49,0.2877777777777778,-0.6222222222222222,-0.02181661564992912,-0.025089107997418484,-0.04690572364734761,4.751658888554562,-0.019634954084936207,0.4308781590861001,0.70440673828125,-0.161376953125,-0.1409912109375,0.67669677734375,0.3248417572103921,0.500351803226227,0.1311463055065792
1589550661.145344,-0.18,-4.08,8.81,0.49,0.2877777777777778,-0.6222222222222222,-0.0370882466048795,-0.039269908169872414,-0.042542400517361786,4.752749719337059,-0.01854412330243975,0.4308781590861001,0.7044677734375,-0.16131591796875,-0.1412353515625,0.67657470703125,0.3291641949951565,0.500351803226227,0.1311463055065792
1589550661.1568289,-0.46,-3.56,8.85,0.49,0.2877777777777778,-0.6222222222222222,-0.03490658503988659,-0.02945243112740431,-0.04145156973486533,4.752749719337059,-0.017453292519943295,0.4319689898685966,0.70465087890625,-0.16131591796875,-0.14178466796875,0.67626953125,0.3291641949951565,0.4823119900107394,0.1311463055065792
1589550661.1800544,-0.11,-3.41,9.22,0.48333333333333334,0.29444444444444445,-0.6166666666666667,-0.05126904677733343,-0.062177354602297986,-0.04145156973486533,4.752749719337059,-0.017453292519943295,0.43305982065109305,0.7047119140625,-0.1612548828125,-0.1422119140625,0.6761474609375,0.3227201175914994,0.4823119900107394,0.1311463055065792
1589550661.202141,-0.29,-2.76,8.81,0.48333333333333334,0.29444444444444445,-0.6166666666666667,-0.017453292519943295,-0.01308996938995747,0.19198621771937624,4.750568057772066,-0.017453292519943295,0.4341506514335895,0.7037353515625,-0.16156005859375,-0.14276123046875,0.67694091796875,0.3248417572103921,0.42056425696985505,0.1122469356207698
1589550661.209213,-0.27,-2.85,8.9,0.48333333333333334,0.2877777777777778,-0.6222222222222222,-0.001090830782496456,-0.01854412330243975,0.3174317577064687,4.747295565424576,-0.01854412330243975,0.4341506514335895,0.70269775390625,-0.1617431640625,-0.142578125,0.67803955078125,0.3248417572103921,0.42056425696985505,0.13036738675694923
1589550661.223792,-0.27,-2.85,8.9,0.48333333333333334,0.2877777777777778,-0.6222222222222222,-0.001090830782496456,-0.01854412330243975,0.3174317577064687,4.747295565424576,-0.01854412330243975,0.4341506514335895,0.70269775390625,-0.1617431640625,-0.142578125,0.67803955078125,0.26883851941761866,0.4308257391109686,0.12959707262420406
1589550661.2358065,-0.23,-2.89,8.78,0.48333333333333334,0.2877777777777778,-0.6222222222222222,-0.001090830782496456,-0.022907446432425576,0.48651052899341934,4.738568919164605,-0.02181661564992912,0.43305982065109305,0.69970703125,-0.1622314453125,-0.14202880859375,0.68115234375,0.3593288242735007,0.4457710691193347,0.1105725338190705
1589550661.2416975,-0.24,-2.99,8.82,0.48333333333333334,0.2877777777777778,-0.6222222222222222,0.007635815477475192,-0.02181661564992912,0.5465062220307244,4.733114765252122,-0.02399827721492203,0.43305982065109305,0.6978759765625,-0.16253662109375,-0.14166259765625,0.68304443359375,0.3593288242735007,0.4344734393227604,0.1105725338190705
1589550661.2531235,-0.24,-2.97,8.91,0.48333333333333334,0.2877777777777778,-0.6222222222222222,0.001090830782496456,-0.030543261909900768,0.5890486225480862,4.72766061133964,-0.02617993877991494,0.4308781590861001,0.69610595703125,-0.16180419921875,-0.14031982421875,0.68524169921875,0.3642899190747107,0.4381793078164114,0.1292532014968994
1589550661.2656279,-0.23,-3.03,8.96,0.4955555555555556,0.2822222222222222,-0.6222222222222222,-0.0032724923474893677,-0.03381575425739013,0.6294093615004551,4.721115626644662,-0.028361600344907853,0.42760566673861067,0.69415283203125,-0.16119384765625,-0.1390380859375,0.6876220703125,0.33337121366189926,0.3379095440748334,0.12998116284250114
1589550661.2726688,-0.25,-2.99,8.91,0.4955555555555556,0.2822222222222222,-0.6222222222222222,0.0032724923474893677,-0.032724923474893676,0.6621342849753488,4.714570641949683,-0.030543261909900768,0.4254240051736178,0.692138671875,-0.16064453125,-0.1378173828125,0.6900634765625,0.33337121366189926,0.3379095440748334,0.12998116284250114
1589550661.2838774,-0.29,-3.03,8.84,0.4955555555555556,0.2822222222222222,-0.6222222222222222,0.001090830782496456,-0.031634092692397225,0.6926775468852495,4.708025657254704,-0.032724923474893676,0.42215151282612845,0.68994140625,-0.16015625,-0.13665771484375,0.69256591796875,0.33337121366189926,0.3470995556283895,0.12998116284250114
1589550661.2912805,-0.29,-2.96,8.57,0.4955555555555556,0.2822222222222222,-0.6222222222222222,0.006544984694978735,-0.020725784867432664,0.7330382858376184,4.700389841777229,-0.03490658503988659,0.4199698512611355,0.6876220703125,-0.15985107421875,-0.13555908203125,0.6951904296875,0.33337121366189926,0.3470995556283895,0.13036738675694923
1589550661.3032913,-0.32,-3.09,8.83,0.4955555555555556,0.2822222222222222,-0.6222222222222222,-0.0032724923474893677,-0.042542400517361786,0.7635815477475192,4.69384485708225,-0.038179077387375956,0.41887902047863906,0.68511962890625,-0.15960693359375,-0.134521484375,0.6978759765625,0.3379095440748334,0.3920522731410346,0.13036738675694923
1589550661.3111825,-0.37,-3.14,8.69,0.4955555555555556,0.2611111111111111,-0.6288888888888889,0.0032724923474893677,-0.02181661564992912,0.7984881327874057,4.685118210822278,-0.04036073895236887,0.4166973589136462,0.6824951171875,-0.1595458984375,-0.133544921875,0.70062255859375,0.3379095440748334,0.3920522731410346,0.1318943772415091
1589550661.3243186,-0.36,-3.16,8.91,0.4955555555555556,0.2611111111111111,-0.6288888888888889,0.00545415391248228,-0.03381575425739013,0.830122225479803,4.6774823953448035,-0.04363323129985824,0.41560652813114973,0.67974853515625,-0.15948486328125,-0.13262939453125,0.7034912109375,0.2962453376934545,0.39510843012815433,0.1208422397568251
1589550661.3319561,-0.4,-3.22,8.76,0.4955555555555556,0.2611111111111111,-0.6288888888888889,0.002181661564992912,-0.04036073895236887,0.8595746566072073,4.6687557490848315,-0.04690572364734761,0.4134248665661568,0.6768798828125,-0.15948486328125,-0.13177490234375,0.7064208984375,0.2962453376934545,0.39510843012815433,0.1208422397568251
1589550661.345375,-0.41,-3.27,8.86,0.4955555555555556,0.2611111111111111,-0.6288888888888889,0.0032724923474893677,-0.031634092692397225,0.892299580082101,4.66002910282486,-0.04908738521234052,0.41233403578366035,0.673828125,-0.15960693359375,-0.13092041015625,0.70941162109375,0.33337121366189926,0.4042283755220455,0.13345515007183678
1589550661.3534591,-0.42,-3.27,8.85,0.4955555555555556,0.2611111111111111,-0.6288888888888889,0.007635815477475192,-0.03599741582238304,0.9195703496445125,4.651302456564888,-0.05235987755982988,0.4112432050011639,0.67071533203125,-0.15972900390625,-0.13006591796875,0.7125244140625,0.33337121366189926,0.4042283755220455,0.13345515007183678
1589550661.3613524,-0.4,-3.17,8.86,0.5288888888888889,0.2677777777777778,-0.6166666666666667,0.00545415391248228,-0.04363323129985824,0.9424777960769379,4.642575810304916,-0.05563236990731925,0.41015237421866746,0.66748046875,-0.15985107421875,-0.1292724609375,0.71563720703125,0.36695276956707285,0.3863657601866544,0.13345515007183678
1589550661.3708885,-0.44,-3.28,8.96,0.5288888888888889,0.2677777777777778,-0.6166666666666667,0.0,-0.053450708342326333,0.9544769346843989,4.632758333262449,-0.05890486225480862,0.409061543436171,0.66424560546875,-0.159912109375,-0.12847900390625,0.7188720703125,0.36695276956707285,0.3863657601866544,0.13426900825530252
1589550661.3815627,-0.51,-3.28,8.64,0.5288888888888889,0.2677777777777778,-0.6166666666666667,0.006544984694978735,-0.04799655442984406,0.9686577348568529,4.62294085621998,-0.062177354602297986,0.40797071265367457,0.660888671875,-0.16009521484375,-0.127685546875,0.7220458984375,0.33337121366189926,0.40103947453341987,0.13426900825530252
1589550661.39474,-0.52,-3.34,8.94,0.5288888888888889,0.2677777777777778,-0.6166666666666667,0.009817477042468103,-0.05126904677733343,0.9752027195518317,4.614214209960009,-0.06544984694978735,0.40578905108868163,0.657470703125,-0.1602783203125,-0.126953125,0.7252197265625,0.3593288242735007,0.40103947453341987,0.13630270789356194
1589550661.404375,-0.53,-3.32,8.7,0.5288888888888889,0.2677777777777778,-0.6166666666666667,0.00545415391248228,-0.05235987755982988,0.9839293658118032,4.60439673291754,-0.06763150851478027,0.40469822030618513,0.65399169921875,-0.16046142578125,-0.126220703125,0.7283935546875,0.3593288242735007,0.27496052092173096,0.13546571420196252
1589550661.4156444,-0.56,-3.25,9.01,0.5155555555555555,0.24888888888888888,-0.6077777777777778,0.001090830782496456,-0.04799655442984406,0.9839293658118032,4.594579255875072,-0.07090400086226964,0.4036073895236887,0.6505126953125,-0.16064453125,-0.12548828125,0.73162841796875,0.33337121366189926,0.4381793078164114,0.13546571420196252
1589550661.4217901,-0.6,-3.24,8.86,0.5155555555555555,0.24888888888888888,-0.6077777777777778,0.002181661564992912,-0.053450708342326333,0.9795660426818175,4.584761778832605,-0.074176493209759,0.4025165587411922,0.6470947265625,-0.1607666015625,-0.12469482421875,0.7347412109375,0.33337121366189926,0.4381793078164114,0.1409499162072325
1589550661.4378445,-0.6,-3.22,8.66,0.5155555555555555,0.24888888888888888,-0.6077777777777778,0.01090830782496456,-0.038179077387375956,0.9828385350293068,4.576035132572633,-0.07744898555724837,0.40142572795869574,0.64361572265625,-0.16094970703125,-0.1239013671875,0.7379150390625,0.33337121366189926,0.316711414149526,0.13878555848458704
1589550661.4442856,-0.67,-3.26,8.89,0.5155555555555555,0.24888888888888888,-0.6077777777777778,0.006544984694978735,-0.05126904677733343,0.9806568734643138,4.566217655530164,-0.08072147790473774,0.4003348971761993,0.64007568359375,-0.1611328125,-0.1231689453125,0.74102783203125,0.33337121366189926,0.316711414149526,0.13878555848458704
1589550661.4559677,-0.74,-3.34,8.8,0.5155555555555555,0.24888888888888888,-0.6077777777777778,0.007635815477475192,-0.04581489286485115,0.9872018581592926,4.556400178487697,-0.0839939702522271,0.39924406639370286,0.63653564453125,-0.161376953125,-0.1224365234375,0.744140625,0.33337121366189926,0.44194471376482086,0.14410679330355178
1589550661.4615211,-0.77,-3.43,8.93,0.5288888888888889,0.22333333333333333,-0.6288888888888889,0.01090830782496456,-0.04363323129985824,0.9970193352017607,4.546582701445228,-0.08726646259971647,0.3981532356112064,0.6329345703125,-0.16168212890625,-0.12164306640625,0.74725341796875,0.33337121366189926,0.44194471376482086,0.14410679330355178
1589550661.4724932,-0.79,-3.36,9.03,0.5288888888888889,0.22333333333333333,-0.6288888888888889,0.0032724923474893677,-0.04908738521234052,1.0133817969392076,4.53676522440276,-0.09053895494720585,0.39706240482870997,0.6292724609375,-0.16192626953125,-0.12091064453125,0.75042724609375,0.3291641949951565,0.44194471376482086,0.14410679330355178
1589550661.48282,-0.94,-3.43,8.75,0.5288888888888889,0.22333333333333333,-0.6288888888888889,0.014180800172453926,-0.03490658503988659,1.0351984125891367,4.526947747360293,-0.09381144729469522,0.39597157404621347,0.62548828125,-0.16229248046875,-0.1201171875,0.75360107421875,0.3291641949951565,0.25231358798780756,0.14050310380151237
1589550661.4961405,-0.96,-3.42,8.85,0.5288888888888889,0.22333333333333333,-0.6288888888888889,0.009817477042468103,-0.04036073895236887,1.0711958284115197,4.516039439535327,-0.09708393964218458,0.394880743263717,0.62158203125,-0.1627197265625,-0.119384765625,0.75689697265625,0.34022226900883096,0.4074650127970809,0.13075576177870196
1589550661.5042276,-0.88,-3.29,8.81,0.5288888888888889,0.22333333333333333,-0.6288888888888889,0.008726646259971648,-0.05017821599483697,1.1126473981463851,4.505131131710363,-0.10144726277217041,0.3937899124812206,0.61749267578125,-0.16314697265625,-0.11859130859375,0.76031494140625,0.34022226900883096,0.4074650127970809,0.13075576177870196
1589550661.5130007,-0.9,-3.27,8.9,0.5222222222222223,0.21666666666666667,-0.6433333333333333,0.008726646259971648,-0.05563236990731925,1.150826475533761,4.494222823885399,-0.10471975511965977,0.3916082509162277,0.61322021484375,-0.1634521484375,-0.1177978515625,0.7637939453125,0.36695276956707285,0.34953162930465587,0.13075576177870196
1589550661.522429,-1.0,-3.33,8.82,0.5222222222222223,0.21666666666666667,-0.6433333333333333,0.008726646259971648,-0.05235987755982988,1.1737339219661866,4.482223685277938,-0.1090830782496456,0.39051742013373125,0.60882568359375,-0.16387939453125,-0.116943359375,0.767333984375,0.36695276956707285,0.34953162930465587,0.12811918701524114
1589550661.53353,-1.03,-3.37,8.76,0.5222222222222223,0.21666666666666667,-0.6433333333333333,0.01090830782496456,-0.05017821599483697,1.203186353093591,4.471315377452973,-0.11235557059713495,0.3894265893512348,0.6043701171875,-0.164306640625,-0.1160888671875,0.7708740234375,0.34953162930465587,0.41075044065421673,0.1653581766643249
1589550661.543117,-1.04,-3.35,8.75,0.5222222222222223,0.21666666666666667,-0.6433333333333333,0.009817477042468103,-0.053450708342326333,1.2359112765684845,4.458225408063015,-0.11671889372712078,0.3883357585687383,0.5997314453125,-0.16473388671875,-0.115234375,0.7745361328125,0.34953162930465587,0.41075044065421673,0.1653581766643249
1589550661.5549505,-1.04,-3.28,8.98,0.5222222222222223,0.21666666666666667,-0.6433333333333333,0.011999138607461015,-0.062177354602297986,1.2697270308258748,4.446226269455555,-0.12108221685710661,0.38615409700374537,0.59490966796875,-0.16510009765625,-0.11431884765625,0.7783203125,0.30895340572783037,0.41713108403018173,0.14595021317447449
1589550661.5679185,-1.03,-3.22,8.87,0.5555555555555556,0.17333333333333334,-0.6644444444444444,0.01090830782496456,-0.06654067773228381,1.296997800388286,4.434227130848093,-0.12435470920459597,0.3839724354387525,0.59002685546875,-0.1654052734375,-0.1134033203125,0.7821044921875,0.34232915890069343,0.41713108403018173,0.2618207959448959
1589550661.5747426,-1.03,-3.22,9.02,0.5555555555555556,0.17333333333333334,-0.6644444444444444,0.009817477042468103,-0.0643590161672909,1.315541923690726,4.421137161458136,-0.1287180323345818,0.38288160465625604,0.58502197265625,-0.165771484375,-0.11248779296875,0.785888671875,0.34232915890069343,0.41713108403018173,0.2618207959448959
1589550661.5827038,-0.86,-3.03,8.66,0.5555555555555556,0.17333333333333334,-0.6644444444444444,0.01308996938995747,-0.056723200689815706,1.3231777391682011,4.408047192068178,-0.13308135546456762,0.38069994309126315,0.5799560546875,-0.16607666015625,-0.1114501953125,0.78973388671875,0.34232915890069343,0.41713108403018173,0.2618207959448959
1589550661.595516,-1.02,-3.09,9.08,0.5555555555555556,0.17333333333333334,-0.6644444444444444,0.016362461737446838,-0.05999569303730508,1.3111786005607402,4.3949572226782205,-0.13635384781205698,0.3785182815262702,0.574951171875,-0.166259765625,-0.1104736328125,0.79345703125,0.33136596019053416,0.2876789338815911,0.22864012614037754
1589550661.605988,-1.04,-3.13,8.87,0.5555555555555556,0.17333333333333334,-0.6644444444444444,0.002181661564992912,-0.06981317007977318,1.2784536770858463,4.3829580840707605,-0.1407171709420428,0.3763366199612773,0.570068359375,-0.16644287109375,-0.10955810546875,0.79705810546875,0.33136596019053416,0.316711414149526,0.22864012614037754
1589550661.6122973,-1.06,-3.06,8.75,0.5466666666666666,0.14333333333333334,-0.6855555555555556,0.008726646259971648,-0.04799655442984406,1.2664545384783854,4.369868114680803,-0.14398966328953217,0.3741549583962844,0.565185546875,-0.16668701171875,-0.108642578125,0.8006591796875,0.33136596019053416,0.316711414149526,0.3128869263878623
1589550661.6265345,-1.1,-3.07,8.98,0.5466666666666666,0.14333333333333334,-0.6855555555555556,0.00545415391248228,-0.05890486225480862,1.249001245958442,4.357868976073341,-0.14726215563702155,0.3719732968312915,0.560302734375,-0.16680908203125,-0.10772705078125,0.80413818359375,0.2962453376934545,0.5096043784948763,0.2795642795680213
1589550661.6328564,-1.21,-3.1,8.74,0.5466666666666666,0.14333333333333334,-0.6855555555555556,0.002181661564992912,-0.06326818538479445,1.2260937995260164,4.34586983746588,-0.15053464798451094,0.36979163526629855,0.5555419921875,-0.16705322265625,-0.10687255859375,0.8074951171875,0.2962453376934545,0.5096043784948763,0.2795642795680213
1589550661.6473308,-1.16,-3.03,8.92,0.5466666666666666,0.14333333333333334,-0.6855555555555556,0.01090830782496456,-0.04908738521234052,1.2140946609185554,4.334961529640916,-0.15489797111449674,0.36760997370130566,0.55078125,-0.167236328125,-0.10595703125,0.810791015625,0.3248417572103921,0.461304233506186,0.25231358798780756
1589550661.6551998,-1.31,-3.05,8.59,0.5466666666666666,0.14333333333333334,-0.6855555555555556,0.009817477042468103,-0.04363323129985824,1.2064588454410803,4.322962391033455,-0.15817046346198613,0.3665191429188092,0.54608154296875,-0.16748046875,-0.10504150390625,0.8140869140625,0.3248417572103921,0.461304233506186,0.25231358798780756
1589550661.666486,-1.22,-2.96,9.09,0.5544444444444444,0.13666666666666666,-0.6933333333333334,-0.001090830782496456,-0.0839939702522271,1.1824605682261582,4.310963252425994,-0.16144295580947549,0.3643374813538163,0.5413818359375,-0.16754150390625,-0.104248046875,0.8172607421875,0.27496052092173096,0.3890400161097513,0.2926919490491569
1589550661.673167,-1.29,-2.99,9.22,0.5544444444444444,0.13666666666666666,-0.6933333333333334,-0.001090830782496456,-0.0839939702522271,1.1824605682261582,4.300054944601029,-0.1636246173744684,0.3621558197888234,0.53668212890625,-0.16754150390625,-0.10345458984375,0.82049560546875,0.27496052092173096,0.3890400161097513,0.2926919490491569
1589550661.6831682,-1.19,-2.77,8.43,0.5544444444444444,0.13666666666666666,-0.6933333333333334,0.004363323129985824,-0.05890486225480862,1.150826475533761,4.288055805993568,-0.16689710972195776,0.35997415822383044,0.5321044921875,-0.1676025390625,-0.10260009765625,0.82354736328125,0.3269896237620402,0.40103947453341987,0.2926919490491569
1589550661.6941073,-1.41,-3.0,9.24,0.5544444444444444,0.13666666666666666,-0.6933333333333334,0.0032724923474893677,-0.0839939702522271,1.136645675361307,4.277147498168604,-0.17016960206944715,0.35779249665883756,0.527587890625,-0.16754150390625,-0.101806640625,0.8265380859375,0.3269896237620402,0.40103947453341987,0.27637402339506756
1589550661.7065258,-1.46,-3.0,8.87,0.5544444444444444,0.13666666666666666,-0.6933333333333334,0.015271630954950384,-0.031634092692397225,1.1497356447512646,4.266239190343639,-0.17344209441693648,0.35452000431134817,0.52301025390625,-0.16778564453125,-0.100830078125,0.82952880859375,0.2674960623211152,0.4650333589250033,0.33136596019053416
1589550661.7124927,-1.53,-2.97,8.81,0.5466666666666666,0.10222222222222223,-0.7066666666666667,0.004363323129985824,-0.04690572364734761,1.1584622910112363,4.255330882518674,-0.17671458676442586,0.3523383427463553,0.518310546875,-0.16802978515625,-0.0999755859375,0.83251953125,0.2674960623211152,0.4650333589250033,0.33136596019053416
1589550661.7228448,-1.36,-2.79,9.02,0.5466666666666666,0.10222222222222223,-0.7066666666666667,0.0032724923474893677,-0.05017821599483697,1.1584622910112363,4.243331743911214,-0.17998707911191522,0.3501566811813624,0.513671875,-0.16815185546875,-0.09912109375,0.83551025390625,0.3128869263878623,0.47352537593952493,0.33136596019053416
1589550661.7394893,-1.53,-2.98,8.84,0.5466666666666666,0.10222222222222223,-0.7066666666666667,0.00545415391248228,-0.062177354602297986,1.1475539831862716,4.23242343608625,-0.18216874067690814,0.34797501961636945,0.509033203125,-0.16827392578125,-0.0982666015625,0.83837890625,0.16192263455294914,0.4650333589250033,0.2909449891581246
1589550661.7459805,-1.72,-3.12,9.02,0.5466666666666666,0.10222222222222223,-0.7066666666666667,0.0032724923474893677,-0.05563236990731925,1.1388273369263,4.221515128261284,-0.1854412330243975,0.3457933580513765,0.50439453125,-0.16851806640625,-0.09747314453125,0.84124755859375,0.16192263455294914,0.4650333589250033,0.2909449891581246
1589550661.7558985,-1.53,-2.85,8.79,0.5466666666666666,0.10222222222222223,-0.7066666666666667,0.0032724923474893677,-0.038179077387375956,1.1322823522313212,4.21060682043632,-0.18871372537188688,0.3436116964863836,0.499755859375,-0.16876220703125,-0.09661865234375,0.84405517578125,0.16192263455294914,0.4650333589250033,0.2909449891581246
1589550661.7673435,-1.62,-2.88,8.97,0.5377777777777778,0.08333333333333333,-0.7288888888888889,0.004363323129985824,-0.04363323129985824,1.117010721276371,4.199698512611356,-0.19198621771937624,0.34143003492139073,0.49517822265625,-0.16900634765625,-0.09576416015625,0.8468017578125,0.26040171388951255,0.45722582472554457,0.3051113371361419
1589550661.7778008,-1.71,-2.89,8.69,0.5377777777777778,0.08333333333333333,-0.7288888888888889,0.002181661564992912,-0.05126904677733343,1.1082840750163994,4.1887902047863905,-0.19525871006686563,0.3392483733563978,0.4906005859375,-0.169189453125,-0.094970703125,0.8494873046875,0.3227201175914994,0.4308257391109686,0.30702113579835705
1589550661.7837758,-1.79,-3.01,9.04,0.5377777777777778,0.08333333333333333,-0.7288888888888889,0.002181661564992912,-0.061086523819801536,1.0941032748439452,4.177881896961426,-0.1974403716318585,0.33706671179140485,0.486083984375,-0.16937255859375,-0.09417724609375,0.8521728515625,0.3227201175914994,0.4308257391109686,0.30702113579835705
1589550661.799051,-1.87,-2.97,8.88,0.5377777777777778,0.08333333333333333,-0.7288888888888889,0.0032724923474893677,-0.04036073895236887,1.0995574287564276,4.166973589136462,-0.20071286397934787,0.3359758810089084,0.48150634765625,-0.169677734375,-0.0933837890625,0.854736328125,0.2703449835453029,0.42056425696985505,0.24594558356075796
1589550661.8054502,-1.87,-2.91,8.94,0.5377777777777778,0.08333333333333333,-0.7288888888888889,0.0032724923474893677,-0.04145156973486533,1.0962849364089382,4.1560652813114976,-0.20398535632683729,0.3337942194439155,0.47698974609375,-0.16998291015625,-0.09259033203125,0.85736083984375,0.2703449835453029,0.42056425696985505,0.24594558356075796
1589550661.8165946,-1.99,-2.99,8.98,0.5522222222222222,0.03666666666666667,-0.7411111111111112,0.001090830782496456,-0.04036073895236887,1.0821041362364843,4.146247804269029,-0.20725784867432664,0.33161255787892263,0.47247314453125,-0.1702880859375,-0.09173583984375,0.85986328125,0.32083268013065175,0.44194471376482086,0.29969651553482884
1589550661.8238347,-1.97,-2.95,8.87,0.5522222222222222,0.03666666666666667,-0.7411111111111112,-0.004363323129985824,-0.044724062082354694,1.0788316438889949,4.135339496444065,-0.210530341021816,0.3294308963139297,0.46795654296875,-0.17059326171875,-0.09100341796875,0.86236572265625,0.32083268013065175,0.44194471376482086,0.29969651553482884
1589550661.8339136,-1.79,-2.8,8.89,0.5522222222222222,0.03666666666666667,-0.7411111111111112,0.0,-0.0370882466048795,1.069014166846527,4.1244311886191,-0.2127120025868089,0.3272492347489368,0.46343994140625,-0.1708984375,-0.09014892578125,0.86480712890625,0.282659406116019,0.4344734393227604,0.29969651553482884
1589550661.8446815,-1.99,-2.86,8.54,0.5522222222222222,0.03666666666666667,-0.7411111111111112,0.00545415391248228,-0.02399827721492203,1.0591966898040588,4.114613711576632,-0.2159844949342983,0.32506757318394386,0.458984375,-0.17120361328125,-0.08935546875,0.8671875,0.282659406116019,0.4344734393227604,0.23759126105169737
1589550661.8585699,-2.11,-2.95,9.06,0.5522222222222222,0.03666666666666667,-0.7411111111111112,-0.015271630954950384,-0.06654067773228381,1.048288381979094,4.104796234534164,-0.2181661564992912,0.32288591161895097,0.45452880859375,-0.17144775390625,-0.08868408203125,0.86956787109375,0.3291641949951565,0.4074650127970809,0.3128869263878623
1589550661.8688302,-2.18,-2.94,9.05,0.5455555555555556,-0.008888888888888889,-0.7688888888888888,-0.002181661564992912,-0.042542400517361786,1.0602875205865552,4.0938879267092,-0.22143864884678055,0.32070425005395803,0.4500732421875,-0.17169189453125,-0.087890625,0.87188720703125,0.24594558356075796,0.4074650127970809,0.3128869263878623
1589550661.8759735,-2.25,-2.95,8.93,0.5455555555555556,-0.008888888888888889,-0.7688888888888888,0.006544984694978735,-0.01854412330243975,1.0821041362364843,4.084070449666731,-0.2247111411942699,0.31852258848896514,0.44549560546875,-0.17205810546875,-0.0870361328125,0.874267578125,0.24594558356075796,0.3863657601866544,0.24231655100742916
1589550661.8839765,-2.13,-2.77,8.73,0.5455555555555556,-0.008888888888888889,-0.7688888888888888,0.009817477042468103,-0.01854412330243975,1.0951941056264418,4.073162141841767,-0.22798363354175932,0.31634092692397225,0.4407958984375,-0.17242431640625,-0.086181640625,0.87664794921875,0.24594558356075796,0.3863657601866544,0.24231655100742916
1589550661.8965766,-2.14,-2.79,8.76,0.5455555555555556,-0.008888888888888889,-0.7688888888888888,-0.0032724923474893677,-0.02945243112740431,1.0930124440614488,4.062253834016802,-0.23125612588924865,0.31306843457648287,0.4361572265625,-0.17279052734375,-0.0853271484375,0.87896728515625,0.29969651553482884,0.4381793078164114,0.31468770072761004
1589550661.9063447,-2.23,-2.8,9.25,0.5455555555555556,-0.008888888888888889,-0.7688888888888888,-0.02399827721492203,-0.062177354602297986,1.102829921103917,4.051345526191837,-0.23343778745424157,0.3108867730114899,0.431396484375,-0.17303466796875,-0.08465576171875,0.88134765625,0.29969651553482884,0.4381793078164114,0.31468770072761004
1589550661.9185328,-2.49,-2.92,9.1,0.5377777777777778,-0.07444444444444444,-0.7688888888888888,-0.001090830782496456,-0.02181661564992912,1.1410089984912928,4.040437218366873,-0.23671027980173093,0.30870511144649704,0.426513671875,-0.17340087890625,-0.083740234375,0.88372802734375,0.41075044065421673,0.2811853495413832,0.23303536992048876
1589550661.92766,-2.37,-2.81,8.55,0.5377777777777778,-0.07444444444444444,-0.7688888888888888,0.011999138607461015,-0.00545415391248228,1.1846422297911512,4.028438079759412,-0.2399827721492203,0.3065234498815041,0.42144775390625,-0.173828125,-0.0826416015625,0.88616943359375,0.3379095440748334,0.2811853495413832,0.23303536992048876
1589550661.9351964,-2.4,-2.83,9.0,0.5377777777777778,-0.07444444444444444,-0.7688888888888888,-0.022907446432425576,-0.05126904677733343,1.201004691528598,4.017529771934448,-0.24325526449670967,0.30325095753401476,0.416259765625,-0.17413330078125,-0.08184814453125,0.888671875,0.3379095440748334,0.33337121366189926,0.33136596019053416
1589550661.9494312,-2.34,-2.65,8.79,0.5377777777777778,-0.07444444444444444,-0.7688888888888888,-0.016362461737446838,-0.03599741582238304,1.2260937995260164,4.005530633326986,-0.24652775684419903,0.3010692959690219,0.41094970703125,-0.17449951171875,-0.08099365234375,0.89111328125,0.34953162930465587,0.2618207959448959,0.33136596019053416
1589550661.9566865,-2.53,-2.81,9.3,0.5377777777777778,-0.07444444444444444,-0.7688888888888888,-0.006544984694978735,-0.04799655442984406,1.275181184738357,3.9924406639370287,-0.2498002491916884,0.29779680362153244,0.40545654296875,-0.1748046875,-0.08001708984375,0.8936767578125,0.34953162930465587,0.2618207959448959,0.23759126105169737
1589550661.9701989,-2.35,-2.62,8.74,0.52,-0.13444444444444445,-0.7355555555555555,0.008726646259971648,-0.011999138607461015,1.3395402009056478,3.979350694547071,-0.2530727415391778,0.2945243112740431,0.39959716796875,-0.17523193359375,-0.078857421875,0.89630126953125,0.3379095440748334,0.41713108403018173,0.3723890828255631
1589550661.9769669,-2.48,-2.69,8.79,0.52,-0.13444444444444445,-0.7355555555555555,-0.011999138607461015,-0.05126904677733343,1.3689926320330523,3.9662607251571136,-0.25634523388666713,0.2912518189265538,0.39361572265625,-0.17559814453125,-0.077880859375,0.89898681640625,0.3379095440748334,0.41713108403018173,0.3723890828255631
1589550661.988566,-2.6,-2.69,8.92,0.52,-0.13444444444444445,-0.7355555555555555,-0.01854412330243975,-0.061086523819801536,1.4006267247254496,3.953170755767156,-0.2596177262341565,0.28797932657906433,0.38751220703125,-0.17584228515625,-0.076904296875,0.90167236328125,0.34232915890069343,0.3834344053953583,0.2779605947898692
1589550661.99569,-2.59,-2.64,8.85,0.52,-0.13444444444444445,-0.7355555555555555,-0.001090830782496456,-0.04581489286485115,1.447532448372797,3.9389899555947023,-0.26398104936414235,0.284706834231575,0.38116455078125,-0.17620849609375,-0.07574462890625,0.9044189453125,0.34232915890069343,0.3834344053953583,0.2779605947898692
1589550662.007316,-2.57,-2.57,8.92,0.52,-0.13444444444444445,-0.7355555555555555,0.002181661564992912,-0.05563236990731925,1.4911656796726551,3.923718324639752,-0.26725354171163174,0.28034351110158917,0.37457275390625,-0.176513671875,-0.0745849609375,0.90716552734375,0.3291641949951565,0.4650333589250033,0.2779605947898692
1589550662.0146976,-2.7,-2.6,8.98,0.5155555555555555,-0.1811111111111111,-0.7766666666666666,-0.01308996938995747,-0.0545415391248228,1.53588974175501,3.9095375244672983,-0.27052603405912107,0.27707101875409984,0.3677978515625,-0.17681884765625,-0.07342529296875,0.90997314453125,0.3291641949951565,0.4650333589250033,0.3696522432444459
1589550662.0291727,-2.68,-2.54,8.96,0.5155555555555555,-0.1811111111111111,-0.7766666666666666,0.004363323129985824,-0.053450708342326333,1.5926129424448257,3.8942658935123475,-0.27379852640661045,0.27270769562411395,0.36077880859375,-0.17718505859375,-0.0721435546875,0.912841796875,0.33337121366189926,0.28431427739652515,0.3567681567603077
1589550662.036568,-2.64,-2.49,8.77,0.5155555555555555,-0.1811111111111111,-0.7766666666666666,-0.0032724923474893677,-0.07090400086226964,1.634064512179691,3.877903431774901,-0.2781618495365963,0.2683443724941282,0.353515625,-0.17742919921875,-0.07086181640625,0.91571044921875,0.33337121366189926,0.28431427739652515,0.3567681567603077
1589550662.048448,-2.54,-2.46,9.19,0.5155555555555555,-0.1811111111111111,-0.7766666666666666,0.006544984694978735,-0.06544984694978735,1.672243589567067,3.861540970037454,-0.2814343418840856,0.26398104936414235,0.3460693359375,-0.17767333984375,-0.06951904296875,0.9185791015625,0.33337121366189926,0.49094599362502317,0.36695276956707285
1589550662.057173,-2.45,-2.34,8.66,0.5155555555555555,-0.1811111111111111,-0.7766666666666666,0.004363323129985824,-0.05890486225480862,1.6918785436520032,3.845178508300007,-0.284706834231575,0.2585268954516601,0.3385009765625,-0.177978515625,-0.06817626953125,0.92144775390625,0.33337121366189926,0.49094599362502317,0.36695276956707285
1589550662.068535,-2.6,-2.35,9.39,0.4066666666666667,-0.26666666666666666,-0.7211111111111111,-0.014180800172453926,-0.11344640137963141,1.7147859900844287,3.8288160465625602,-0.28797932657906433,0.25416357232167425,0.330810546875,-0.17803955078125,-0.06695556640625,0.92431640625,0.3291641949951565,0.4778809308314024,0.3379095440748334
1589550662.0752225,-2.56,-2.34,9.19,0.4066666666666667,-0.26666666666666666,-0.7211111111111111,0.01308996938995747,-0.05017821599483697,1.7540558982543013,3.811362754042617,-0.2923426497090502,0.24870941840919195,0.32293701171875,-0.1783447265625,-0.06549072265625,0.9271240234375,0.3291641949951565,0.4778809308314024,0.3379095440748334
1589550662.0868375,-2.37,-2.18,9.13,0.4066666666666667,-0.26666666666666666,-0.7211111111111111,0.01308996938995747,-0.06326818538479445,1.7813266678167128,3.793909461522674,-0.29561514205653955,0.24434609527920614,0.31494140625,-0.1785888671875,-0.06396484375,0.92999267578125,0.33337121366189926,0.4492681034496481,0.2909449891581246
1589550662.0956945,-2.58,-2.17,8.98,0.4066666666666667,-0.26666666666666666,-0.7211111111111111,0.001090830782496456,-0.07963064712224129,1.7878716525116913,3.7764561690027305,-0.29888763440402893,0.23889194136672384,0.30682373046875,-0.17877197265625,-0.06256103515625,0.9327392578125,0.33337121366189926,0.4492681034496481,0.2909449891581246
1589550662.1075802,-2.9,-2.16,8.59,0.4066666666666667,-0.26666666666666666,-0.7211111111111111,0.008726646259971648,-0.074176493209759,1.8238690683340746,3.7590028764827874,-0.3021601267515183,0.23343778745424157,0.298583984375,-0.17901611328125,-0.06109619140625,0.93548583984375,0.34232915890069343,0.4042283755220455,0.24231655100742916
1589550662.11379,-2.88,-2.1,9.15,0.40444444444444444,-0.2677777777777778,-0.6577777777777778,-0.011999138607461015,-0.12217304763960307,1.8685931304164292,3.7404587531803477,-0.30543261909900765,0.22798363354175932,0.2900390625,-0.17901611328125,-0.0596923828125,0.938232421875,0.34232915890069343,0.4042283755220455,0.24231655100742916
1589550662.1260018,-2.63,-1.85,8.66,0.40444444444444444,-0.2677777777777778,-0.6577777777777778,0.001090830782496456,-0.07853981633974483,1.9056813770213086,3.7219146298779076,-0.30870511144649704,0.222529479629277,0.2813720703125,-0.17919921875,-0.05816650390625,0.94091796875,0.34022226900883096,0.44194471376482086,0.2962453376934545
1589550662.1367774,-2.66,-1.8,8.8,0.40444444444444444,-0.2677777777777778,-0.6577777777777778,0.016362461737446838,-0.08508480103472357,1.9176805156287697,3.703370506575468,-0.31197760379398637,0.2159844949342983,0.2725830078125,-0.1793212890625,-0.0565185546875,0.943603515625,0.33136596019053416,0.44194471376482086,0.2962453376934545
1589550662.1449854,-2.9,-1.89,9.13,0.40444444444444444,-0.2677777777777778,-0.6577777777777778,0.008726646259971648,-0.10471975511965977,1.9122263617162873,3.684826383273028,-0.31525009614147576,0.210530341021816,0.2637939453125,-0.1793212890625,-0.05499267578125,0.9461669921875,0.33136596019053416,0.3805443575158459,0.26311038413585025
1589550662.1574347,-2.54,-1.66,9.18,0.40444444444444444,-0.2677777777777778,-0.6577777777777778,0.0032724923474893677,-0.08944812416470939,1.9034997154563156,3.666282259970588,-0.3174317577064687,0.20398535632683729,0.25506591796875,-0.179443359375,-0.053466796875,0.9486083984375,0.33136596019053416,0.3805443575158459,0.26311038413585025
1589550662.1660898,-2.48,-1.54,8.7,0.4,-0.26666666666666666,-0.6311111111111111,0.01854412330243975,-0.07199483164476608,1.8980455615438332,3.647738136668149,-0.32070425005395803,0.1974403716318585,0.246337890625,-0.1795654296875,-0.05181884765625,0.95098876953125,0.33136596019053416,0.4344734393227604,0.3187595953260988
1589550662.1792119,-2.76,-1.59,9.18,0.4,-0.26666666666666666,-0.6311111111111111,0.011999138607461015,-0.09272061651219875,1.9056813770213086,3.629194013365709,-0.3239767424014474,0.19198621771937624,0.237548828125,-0.1795654296875,-0.05023193359375,0.95330810546875,0.35199575785121906,0.3723890828255631,0.28598735499456934
1589550662.1853962,-2.81,-1.52,8.78,0.4,-0.26666666666666666,-0.6311111111111111,-0.01308996938995747,-0.09381144729469522,1.9198621771937625,3.6106498900632693,-0.32615840396644036,0.1854412330243975,0.2286376953125,-0.17962646484375,-0.0487060546875,0.95556640625,0.35199575785121906,0.3723890828255631,0.28598735499456934
1589550662.1986992,-2.74,-1.4,8.92,0.4,-0.26666666666666666,-0.6311111111111111,0.01854412330243975,-0.10144726277217041,1.9242255003237485,3.5921057667608296,-0.32834006553143325,0.17889624832941878,0.2197265625,-0.1795654296875,-0.04705810546875,0.957763671875,0.3567681567603077,0.4074650127970809,0.316711414149526
1589550662.2070663,-2.98,-1.46,9.25,0.4,-0.26666666666666666,-0.6311111111111111,0.022907446432425576,-0.08944812416470939,1.9056813770213086,3.5735616434583894,-0.33052172709642613,0.17235126363444003,0.21087646484375,-0.1795654296875,-0.04541015625,0.9598388671875,0.3567681567603077,0.4074650127970809,0.316711414149526
1589550662.2176535,-2.98,-1.42,8.89,0.41333333333333333,-0.2877777777777778,-0.6311111111111111,0.004363323129985824,-0.0916297857297023,1.896954730761337,3.5550175201559497,-0.3327033886614191,0.16580627893946132,0.2020263671875,-0.17950439453125,-0.0438232421875,0.9617919921875,0.29445862267704453,0.32083268013065175,0.3567681567603077
1589550662.2259257,-2.75,-1.32,9.2,0.41333333333333333,-0.2877777777777778,-0.6311111111111111,0.03381575425739013,-0.07308566242726255,1.9034997154563156,3.5364733968535105,-0.3359758810089084,0.15926129424448257,0.19317626953125,-0.1795654296875,-0.0421142578125,0.96368408203125,0.29445862267704453,0.32083268013065175,0.3567681567603077
1589550662.237707,-2.67,-1.24,9.43,0.41333333333333333,-0.2877777777777778,-0.6311111111111111,-0.04363323129985824,-0.1778054175469223,1.8838647613713795,3.5179292735510708,-0.33706671179140485,0.1538071403320003,0.184326171875,-0.17913818359375,-0.04083251953125,0.96551513671875,0.33136596019053416,0.39510843012815433,0.33136596019053416
1589550662.245828,-2.47,-1.25,10.33,0.41333333333333333,-0.2877777777777778,-0.6311111111111111,-0.05235987755982988,-0.17453292519943295,1.9089538693687977,3.4993851502486306,-0.33815754257390135,0.14726215563702155,0.17529296875,-0.1787109375,-0.03961181640625,0.96734619140625,0.33136596019053416,0.39510843012815433,0.33136596019053416
1589550662.2571702,-2.75,-1.11,8.36,0.41333333333333333,-0.2877777777777778,-0.6311111111111111,0.06872233929727672,0.042542400517361786,1.9962203319685143,3.480841026946191,-0.34143003492139073,0.1407171709420428,0.166015625,-0.17926025390625,-0.0374755859375,0.968994140625,0.34953162930465587,0.22864012614037754,0.33136596019053416
1589550662.2647724,-2.72,-0.97,9.11,0.3977777777777778,-0.29444444444444445,-0.6288888888888889,0.06981317007977318,-0.06544984694978735,2.0867592869157203,3.4601152420787584,-0.3436116964863836,0.13199052468207118,0.15625,-0.17926025390625,-0.035400390625,0.97064208984375,0.34953162930465587,0.22864012614037754,0.33136596019053416
1589550662.2762976,-3.25,-1.06,9.1,0.3977777777777778,-0.29444444444444445,-0.6288888888888889,0.01854412330243975,-0.13962634015954636,2.1096667333481456,3.4393894572113255,-0.34470252726888007,0.12435470920459597,0.1463623046875,-0.178955078125,-0.0335693359375,0.97235107421875,0.316711414149526,0.4344734393227604,0.31090853643828664
1589550662.2877607,-3.08,-1.02,8.85,0.3977777777777778,-0.29444444444444445,-0.6288888888888889,-0.0272707695624114,-0.15053464798451094,2.129301687433082,3.418663672343893,-0.3457933580513765,0.11780972450961724,0.13623046875,-0.1785888671875,-0.031982421875,0.97393798828125,0.3567681567603077,0.4344734393227604,0.31090853643828664
1589550662.2958438,-2.87,-0.94,9.12,0.3977777777777778,-0.29444444444444445,-0.6288888888888889,-0.009817477042468103,-0.15707963267948966,2.1783890726454227,3.3979378874764605,-0.34688418883387295,0.11017390903214205,0.1259765625,-0.17816162109375,-0.03021240234375,0.9754638671875,0.3567681567603077,0.4778809308314024,0.30895340572783037
1589550662.3117712,-2.8,-0.8,9.11,0.3977777777777778,-0.29444444444444445,-0.6288888888888889,0.008726646259971648,-0.12544553998709243,2.205659842207834,3.376121271826531,-0.34688418883387295,0.10253809355466686,0.11553955078125,-0.1778564453125,-0.02838134765625,0.976806640625,0.26040171388951255,0.6203919801786335,0.31468770072761004
1589550662.3179162,-2.83,-0.68,8.9,0.3688888888888889,-0.3211111111111111,-0.6311111111111111,0.01854412330243975,-0.09817477042468103,2.2187498115977915,3.3553954869590985,-0.3490658503988659,0.09381144729469522,0.10504150390625,-0.17767333984375,-0.02642822265625,0.97808837890625,0.26040171388951255,0.6203919801786335,0.31468770072761004
1589550662.3311012,-0.93,0.14,8.74,0.3688888888888889,-0.3211111111111111,-0.6311111111111111,-0.008726646259971648,-0.15926129424448257,2.151118303083011,3.3335788713091694,-0.3490658503988659,0.08726646259971647,0.09478759765625,-0.17718505859375,-0.024658203125,0.97930908203125,0.29969651553482884,0.6002693134309355,0.2926919490491569
1589550662.3377323,-0.52,-0.96,8.64,0.3688888888888889,-0.3211111111111111,-0.6311111111111111,-0.022907446432425576,-0.12762720155208535,1.5260722647125418,3.3193980711367153,-0.3490658503988659,0.0818123086872342,0.0875244140625,-0.17681884765625,-0.02349853515625,0.98004150390625,0.29969651553482884,0.6002693134309355,0.2926919490491569
1589550662.348667,-0.6,-0.91,9.48,0.3688888888888889,-0.3211111111111111,-0.6311111111111111,-0.03381575425739013,-0.07744898555724837,0.729765793490129,3.3117622556592403,-0.3490658503988659,0.07963064712224129,0.08404541015625,-0.176513671875,-0.0230712890625,0.98040771484375,0.2703449835453029,0.6495241027699631,0.3291641949951565
1589550662.3576868,-0.85,-0.16,8.95,0.3688888888888889,-0.3211111111111111,-0.6311111111111111,-0.016362461737446838,0.02181661564992912,-0.007635815477475192,3.3117622556592403,-0.3490658503988659,0.07963064712224129,0.08404541015625,-0.1766357421875,-0.02313232421875,0.98040771484375,0.2703449835453029,0.6495241027699631,0.3291641949951565
1589550662.366418,-0.13,0.08,8.22,0.3466666666666667,-0.36444444444444446,-0.6355555555555555,-0.014180800172453926,0.01090830782496456,-0.6239552075879727,3.3183072403542186,-0.3490658503988659,0.0818123086872342,0.08697509765625,-0.1766357421875,-0.02374267578125,0.98016357421875,0.27496052092173096,0.6495241027699631,0.3291641949951565
1589550662.376581,-2.59,0.01,9.53,0.3466666666666667,-0.36444444444444446,-0.6355555555555555,-0.020725784867432664,0.028361600344907853,-1.4638949101102439,3.332488040526673,-0.34797501961636945,0.08726646259971647,0.09393310546875,-0.17657470703125,-0.02508544921875,0.9794921875,0.27496052092173096,0.1766686462679925,0.3291641949951565
1589550662.386606,-2.2,-0.45,8.57,0.3466666666666667,-0.36444444444444446,-0.6355555555555555,0.0370882466048795,0.19634954084936207,-1.942769623626188,3.3510321638291125,-0.34797501961636945,0.09381144729469522,0.1031494140625,-0.17724609375,-0.0264892578125,0.9783935546875,0.2811853495413832,0.1766686462679925,0.3291641949951565
1589550662.3968465,-2.09,-0.19,8.19,0.3466666666666667,-0.36444444444444446,-0.6355555555555555,0.07853981633974483,0.1778054175469223,-2.0049469782284857,3.3706671179140493,-0.34797501961636945,0.10035643198967394,0.11273193359375,-0.17779541015625,-0.0277099609375,0.9771728515625,0.2811853495413832,0.17735473788829537,0.3051113371361419
1589550662.4079814,-2.63,-0.81,9.72,0.3466666666666667,-0.36444444444444446,-0.6355555555555555,-0.07744898555724837,0.03599741582238304,-2.253656396637678,3.392483733563978,-0.3457933580513765,0.1090830782496456,0.12335205078125,-0.177734375,-0.030029296875,0.97589111328125,0.2779605947898692,0.16596431851254956,0.30702113579835705
1589550662.4160545,-1.87,-0.61,8.84,0.3622222222222222,-0.35555555555555557,-0.6577777777777778,-0.06872233929727672,0.0643590161672909,-2.4249168294896215,3.4153911799964036,-0.3436116964863836,0.11780972450961724,0.134765625,-0.17767333984375,-0.03240966796875,0.97430419921875,0.2779605947898692,0.16596431851254956,0.30702113579835705
1589550662.4297178,-2.57,-0.86,8.82,0.3622222222222222,-0.35555555555555557,-0.6577777777777778,0.006544984694978735,0.13526301702956053,-2.5918139392115793,3.4415711187763187,-0.34143003492139073,0.1265363707695889,0.14697265625,-0.17791748046875,-0.0345458984375,0.972412109375,0.29969651553482884,0.1636235496637318,0.31468770072761004
1589550662.436879,-2.48,-0.95,8.72,0.3622222222222222,-0.35555555555555557,-0.6577777777777778,-0.04799655442984406,0.08290313946973066,-2.804525941798388,3.4677510575562334,-0.3392483733563978,0.13635384781205698,0.16015625,-0.1778564453125,-0.037109375,0.97021484375,0.29969651553482884,0.1636235496637318,0.31468770072761004
1589550662.446505,-2.36,-1.24,9.5,0.3622222222222222,-0.35555555555555557,-0.6577777777777778,-0.056723200689815706,0.11017390903214205,-2.937607297262956,3.4961126579011417,-0.3359758810089084,0.14726215563702155,0.17388916015625,-0.1778564453125,-0.039794921875,0.9677734375,0.33136596019053416,0.23523431129047254,0.31468770072761004
1589550662.4629786,-2.53,-1.08,8.07,0.3622222222222222,-0.35555555555555557,-0.6577777777777778,0.05235987755982988,0.2901609881440573,-3.0008754826477504,3.5255650890285457,-0.33488505022641196,0.15707963267948966,0.18798828125,-0.1785888671875,-0.04193115234375,0.96490478515625,0.3593288242735007,0.22864012614037754,0.29969651553482884
1589550662.4684186,-2.71,-1.22,8.23,0.4011111111111111,-0.3411111111111111,-0.6577777777777778,0.02399827721492203,0.19307704850187268,-3.0117837904727147,3.5550175201559497,-0.33161255787892263,0.16689710972195776,0.2021484375,-0.1788330078125,-0.044189453125,0.96185302734375,0.3593288242735007,0.22864012614037754,0.29969651553482884
1589550662.4814696,-2.61,-1.49,9.6,0.4011111111111111,-0.3411111111111111,-0.6577777777777778,-0.06544984694978735,0.016362461737446838,-3.007420467342729,3.584469951283354,-0.3272492347489368,0.17671458676442586,0.216064453125,-0.1783447265625,-0.047119140625,0.95880126953125,0.33136596019053416,0.3920522731410346,0.28598735499456934
1589550662.4873405,-2.78,-1.66,8.49,0.4011111111111111,-0.3411111111111111,-0.6577777777777778,-0.038179077387375956,0.14726215563702155,-2.947424774305424,3.6128315516282616,-0.32288591161895097,0.18762289458939044,0.22967529296875,-0.1783447265625,-0.0496826171875,0.95550537109375,0.33136596019053416,0.3920522731410346,0.28598735499456934
1589550662.497683,-2.48,-1.61,8.35,0.4011111111111111,-0.3411111111111111,-0.6577777777777778,0.001090830782496456,0.18435040224190105,-2.919063173960516,3.64119315197317,-0.3196134192714616,0.19634954084936207,0.24322509765625,-0.178466796875,-0.052001953125,0.95196533203125,0.33136596019053416,0.3920522731410346,0.28598735499456934
1589550662.508699,-2.57,-1.86,9.46,0.4011111111111111,-0.3411111111111111,-0.6577777777777778,-0.04690572364734761,0.07744898555724837,-2.944152281957934,3.669554752318078,-0.3141592653589793,0.20616701789183017,0.2567138671875,-0.17816162109375,-0.05462646484375,0.9483642578125,0.33136596019053416,0.32083268013065175,0.30702113579835705
1589550662.5203269,-3.01,-2.08,8.89,0.46,-0.36777777777777776,-0.6577777777777778,-0.0272707695624114,0.12980886311707826,-2.925608158655495,3.6979163526629852,-0.3097959422289935,0.2159844949342983,0.2701416015625,-0.177978515625,-0.05712890625,0.94451904296875,0.3248417572103921,0.42056425696985505,0.30702113579835705
1589550662.52693,-2.81,-2.04,8.25,0.46,-0.36777777777777776,-0.6577777777777778,0.004363323129985824,0.1908953869368798,-2.8765207734431546,3.7262779530078936,-0.30543261909900765,0.2247111411942699,0.2833251953125,-0.17803955078125,-0.059326171875,0.94049072265625,0.3248417572103921,0.42056425696985505,0.30702113579835705
1589550662.5406873,-2.3,-2.06,9.07,0.46,-0.36777777777777776,-0.6577777777777778,-0.056723200689815706,0.08072147790473774,-2.8394325268382747,3.753548722570305,-0.2999784651865254,0.23343778745424157,0.29620361328125,-0.17767333984375,-0.06195068359375,0.9364013671875,0.33136596019053416,0.3248417572103921,0.23759126105169737
1589550662.5474124,-2.76,-2.26,9.64,0.46,-0.36777777777777776,-0.6577777777777778,-0.05563236990731925,0.09708393964218458,-2.76089271049853,3.7808194921327165,-0.2945243112740431,0.24216443371421323,0.30865478515625,-0.1773681640625,-0.06439208984375,0.9322509765625,0.33136596019053416,0.3248417572103921,0.23759126105169737
1589550662.559115,-2.71,-2.38,8.64,0.46,-0.36777777777777776,-0.6577777777777778,0.004363323129985824,0.18762289458939044,-2.581996462169111,3.8059086001301345,-0.2901609881440573,0.24870941840919195,0.32037353515625,-0.1773681640625,-0.06634521484375,0.92816162109375,0.29445862267704453,0.4042283755220455,0.34469892955945086
1589550662.5665288,-2.97,-2.76,9.21,0.7033333333333334,-0.6488888888888888,-0.6355555555555555,0.002181661564992912,0.11344640137963141,-2.3823744289722595,3.8288160465625602,-0.28579766501407144,0.25634523388666713,0.3310546875,-0.1771240234375,-0.0682373046875,0.92431640625,0.29445862267704453,0.4042283755220455,0.34469892955945086
1589550662.576917,-2.68,-2.89,8.89,0.7033333333333334,-0.6488888888888888,-0.6355555555555555,-0.03490658503988659,0.09381144729469522,-2.1903882112528836,3.8506326622124893,-0.2814343418840856,0.2617993877991494,0.34088134765625,-0.1768798828125,-0.070068359375,0.920654296875,0.29969651553482884,0.35199575785121906,0.34469892955945086
1589550662.5876145,-2.07,-2.84,8.96,0.7033333333333334,-0.6488888888888888,-0.6355555555555555,-0.053450708342326333,0.0643590161672909,-2.096576763958188,3.870267616297426,-0.27598018797160334,0.2683443724941282,0.35015869140625,-0.176513671875,-0.072021484375,0.9171142578125,0.29969651553482884,0.35199575785121906,0.25231358798780756
1589550662.5976965,-2.44,-2.69,9.33,0.7033333333333334,-0.6488888888888888,-0.6355555555555555,-0.0272707695624114,0.07526732399225547,-2.112939225695635,3.890993401164858,-0.2716168648416175,0.2748893571891069,0.3594970703125,-0.1761474609375,-0.07379150390625,0.91339111328125,0.34953162930465587,0.27496052092173096,0.25231358798780756
1589550662.6116447,-2.21,-2.48,8.8,0.7033333333333334,-0.6488888888888888,-0.6355555555555555,-0.00545415391248228,0.11017390903214205,-2.17620741108043,3.9117191860322906,-0.26725354171163174,0.28034351110158917,0.369140625,-0.17584228515625,-0.07550048828125,0.909423828125,0.34469892955945086,0.27496052092173096,0.34022226900883096
1589550662.6183605,-2.19,-2.31,8.54,1.15,-0.9066666666666666,-0.7144444444444444,-0.00545415391248228,0.1112647398146385,-2.2252947962927703,3.9335358016822206,-0.2617993877991494,0.28579766501407144,0.37896728515625,-0.175537109375,-0.0771484375,0.90533447265625,0.34469892955945086,0.25622950356383545,0.2779605947898692
1589550662.628122,-2.28,-2.54,8.58,1.15,-0.9066666666666666,-0.7144444444444444,-0.01854412330243975,0.07963064712224129,-2.2416572580302168,3.9553524173321497,-0.25634523388666713,0.2912518189265538,0.3887939453125,-0.175048828125,-0.0789794921875,0.90106201171875,0.34469892955945086,0.25622950356383545,0.2779605947898692
1589550662.6398025,-2.54,-3.0,9.3,1.15,-0.9066666666666666,-0.7144444444444444,-0.002181661564992912,0.10362892433716332,-2.2187498115977915,3.9771690329820784,-0.25089107997418486,0.296705972839036,0.39849853515625,-0.1746826171875,-0.0806884765625,0.89678955078125,0.3379095440748334,0.461304233506186,0.41408574428279465
1589550662.6472714,-1.96,-2.74,8.02,1.15,-0.9066666666666666,-0.7144444444444444,0.002181661564992912,0.14180800172453928,-2.17293491873294,3.9989856486320075,-0.24652775684419903,0.3021601267515183,0.407958984375,-0.1744384765625,-0.08221435546875,0.89239501953125,0.3379095440748334,0.461304233506186,0.41408574428279465
1589550662.6596856,-2.1,-3.42,9.02,1.15,-0.9066666666666666,-0.7144444444444444,-0.01854412330243975,0.06326818538479445,-2.1543907954305004,4.01971143349944,-0.2399827721492203,0.3076142806640006,0.417236328125,-0.17388916015625,-0.083984375,0.8880615234375,0.33337121366189926,0.4778809308314024,0.23303536992048876
1589550662.6717155,-2.21,-3.41,8.78,0.6755555555555556,-0.27666666666666667,-0.7122222222222222,-0.019634954084936207,0.07090400086226964,-2.1358466721280607,4.040437218366873,-0.234528618236738,0.31197760379398637,0.4263916015625,-0.17333984375,-0.08575439453125,0.88360595703125,0.3291641949951565,0.41075044065421673,0.31468770072761004
1589550662.6777115,-2.21,-3.15,8.87,0.6755555555555556,-0.27666666666666667,-0.7122222222222222,-0.001090830782496456,0.1287180323345818,-2.088940948480713,4.061163003234306,-0.2301652951067522,0.3174317577064687,0.43536376953125,-0.17303466796875,-0.08721923828125,0.879150390625,0.3291641949951565,0.41075044065421673,0.31468770072761004
1589550662.6917188,-2.21,-3.07,8.61,0.6755555555555556,-0.27666666666666667,-0.7122222222222222,-0.00545415391248228,0.10799224746714915,-2.045307717180855,4.080797957319242,-0.2247111411942699,0.3217950808364545,0.444091796875,-0.172607421875,-0.08868408203125,0.87469482421875,0.33337121366189926,0.41713108403018173,0.19829965246048872
1589550662.6976829,-1.89,-3.19,7.95,0.6755555555555556,-0.27666666666666667,-0.7122222222222222,-0.015271630954950384,0.08835729338221293,-2.0256727630959186,4.1004329114041775,-0.21925698728178766,0.32615840396644036,0.45269775390625,-0.172119140625,-0.09027099609375,0.8702392578125,0.33337121366189926,0.41713108403018173,0.19829965246048872
1589550662.7103832,-1.99,-3.68,9.01,0.6755555555555556,-0.27666666666666667,-0.7122222222222222,-0.016362461737446838,0.09053895494720585,-2.0202186091834364,4.120067865489114,-0.21380283336930533,0.33052172709642613,0.461181640625,-0.17169189453125,-0.091796875,0.86566162109375,0.3291641949951565,0.41713108403018173,0.19829965246048872
1589550662.7177029,-1.73,-3.56,9.67,0.5755555555555556,-0.05444444444444444,-0.7122222222222222,-0.07308566242726255,-0.002181661564992912,-2.0660335020482874,4.13970281957405,-0.20725784867432664,0.33488505022641196,0.46978759765625,-0.1708984375,-0.09381103515625,0.8609619140625,0.3291641949951565,0.4240506381044018,0.3696522432444459
1589550662.7274365,-1.8,-3.29,8.9,0.5755555555555556,-0.05444444444444444,-0.7122222222222222,0.007635815477475192,0.13308135546456762,-2.0496710403108405,4.160428604441483,-0.20180369476184434,0.3392483733563978,0.47833251953125,-0.1705322265625,-0.09521484375,0.856201171875,0.34232915890069343,0.4240506381044018,0.3696522432444459
1589550662.7331414,-1.8,-3.29,8.9,0.5755555555555556,-0.05444444444444444,-0.7122222222222222,0.007635815477475192,0.13308135546456762,-2.0496710403108405,4.160428604441483,-0.20180369476184434,0.3392483733563978,0.47833251953125,-0.1705322265625,-0.09521484375,0.856201171875,0.34232915890069343,0.46924345517404525,0.3696522432444459
1589550662.7397685,-1.93,-3.54,9.43,0.5755555555555556,-0.05444444444444444,-0.7122222222222222,0.019634954084936207,0.12326387842209952,-2.0180369476184437,4.1800635585264185,-0.19634954084936207,0.3425208657038872,0.48675537109375,-0.1700439453125,-0.09649658203125,0.85137939453125,0.34232915890069343,0.46924345517404525,0.2222782388442573
1589550662.7488987,-1.99,-3.59,8.8,0.5755555555555556,-0.05444444444444444,-0.7122222222222222,-0.028361600344907853,0.08617563181722002,-1.9733128855360889,4.198607681828859,-0.1908953869368798,0.34688418883387295,0.494873046875,-0.1695556640625,-0.0980224609375,0.84661865234375,0.33562603819066317,0.44194471376482086,0.2222782388442573
1589550662.7629898,-1.78,-3.48,7.95,0.5755555555555556,-0.05444444444444444,-0.7122222222222222,-0.009817477042468103,0.13199052468207118,-1.8904097460663583,4.217151805131299,-0.1854412330243975,0.3501566811813624,0.502685546875,-0.169189453125,-0.09930419921875,0.8419189453125,0.34022226900883096,0.44194471376482086,0.3015432709413334
1589550662.7691169,-1.95,-3.93,9.46,0.5955555555555555,0.03111111111111111,-0.7122222222222222,-0.02399827721492203,0.004363323129985824,-1.8358682069415353,4.2356959284337385,-0.17998707911191522,0.3534291735288517,0.5101318359375,-0.1683349609375,-0.10089111328125,0.83740234375,0.34022226900883096,0.4956071854791829,0.3015432709413334
1589550662.7783232,-1.84,-3.68,8.28,0.5955555555555555,0.03111111111111111,-0.7122222222222222,-0.017453292519943295,0.0643590161672909,-1.7573283906017905,4.252058390171185,-0.17453292519943295,0.3556108350938446,0.51727294921875,-0.16778564453125,-0.10223388671875,0.8330078125,0.34022226900883096,0.4956071854791829,0.3128869263878623
1589550662.7899814,-2.17,-4.07,9.71,0.5955555555555555,0.03111111111111111,-0.7122222222222222,-0.01090830782496456,0.07090400086226964,-1.6678802664370809,4.2684208519086315,-0.16907877128695067,0.358883327441334,0.52398681640625,-0.16729736328125,-0.10345458984375,0.8287353515625,0.3269896237620402,0.45321431320689676,0.32083268013065175
1589550662.7982745,-1.76,-3.6,8.07,0.5955555555555555,0.03111111111111111,-0.7122222222222222,0.020725784867432664,0.12762720155208535,-1.543525557232485,4.283692482863582,-0.16471544815696484,0.3610649890063269,0.53021240234375,-0.16693115234375,-0.104248046875,0.82470703125,0.3269896237620402,0.45321431320689676,0.32083268013065175
1589550662.8100967,-1.78,-3.82,9.92,0.5955555555555555,0.03111111111111111,-0.7122222222222222,-0.016362461737446838,0.030543261909900768,-1.4638949101102439,4.297873283036036,-0.16035212502697901,0.36324665057131983,0.53607177734375,-0.1663818359375,-0.10540771484375,0.82086181640625,0.34022226900883096,0.41713108403018173,0.32083268013065175
1589550662.823334,-2.22,-4.16,9.53,0.5844444444444444,0.06666666666666667,-0.7411111111111112,-0.06763150851478027,-0.04145156973486533,-1.3984450631604564,4.312054083208491,-0.15489797111449674,0.3665191429188092,0.54156494140625,-0.1656494140625,-0.10693359375,0.81719970703125,0.33337121366189926,0.42056425696985505,0.3269896237620402
1589550662.8291898,-2.16,-4.29,9.05,0.5844444444444444,0.06666666666666667,-0.7411111111111112,0.031634092692397225,0.13635384781205698,-1.2326387842209952,4.3240532218159515,-0.15162547876700738,0.36760997370130566,0.5465087890625,-0.16546630859375,-0.107421875,0.81390380859375,0.33337121366189926,0.42056425696985505,0.3269896237620402
1589550662.842843,-1.46,-3.41,8.7,0.5844444444444444,0.06666666666666667,-0.7411111111111112,0.044724062082354694,0.16035212502697901,-1.0973757671914346,4.334961529640916,-0.14944381720201447,0.3687008044838021,0.55096435546875,-0.1654052734375,-0.10772705078125,0.81085205078125,0.3379095440748334,0.4275914443905159,0.3051113371361419
1589550662.8489926,-1.53,-3.36,10.01,0.5844444444444444,0.06666666666666667,-0.7411111111111112,-0.0370882466048795,-0.06872233929727672,-1.0591966898040588,4.344779006683384,-0.14508049407202864,0.370882466048795,0.5550537109375,-0.1646728515625,-0.10888671875,0.80804443359375,0.3379095440748334,0.4275914443905159,0.3051113371361419
1589550662.8643124,-1.56,-3.24,8.51,0.5844444444444444,0.06666666666666667,-0.7411111111111112,-0.02181661564992912,0.0,-0.9555677654668954,4.353505652943356,-0.14180800172453928,0.3719732968312915,0.55877685546875,-0.16424560546875,-0.1097412109375,0.80548095703125,0.2162394792512031,0.41408574428279465,0.3051113371361419
1589550662.8703985,-1.44,-3.33,8.56,0.5455555555555556,0.09777777777777778,-0.7122222222222222,0.002181661564992912,0.056723200689815706,-0.8213955792198314,4.362232299203327,-0.13962634015954636,0.37306412761378793,0.56195068359375,-0.1640625,-0.1102294921875,0.80322265625,0.2162394792512031,0.41408574428279465,0.3051113371361419
1589550662.8797214,-30.65,-18.31,5.11,0.5455555555555556,0.09777777777777778,-0.7122222222222222,0.004363323129985824,-0.01308996938995747,-0.6981317007977318,4.368777283898306,-0.13744467859455345,0.3741549583962844,0.564697265625,-0.16363525390625,-0.11083984375,0.80126953125,0.25760627616834847,0.4240506381044018,0.3051113371361419
1589550662.888573,1.86,-1.46,-0.41,0.5455555555555556,0.09777777777777778,-0.7122222222222222,0.001090830782496456,1.227184630308513,-0.3981532356112064,4.375322268593285,-0.1461713248545251,0.3752457891787809,0.56689453125,-0.16815185546875,-0.1077880859375,0.7991943359375,0.25760627616834847,0.4240506381044018,0.3051113371361419
1589550662.899959,-0.28,2.58,3.83,0.5455555555555556,0.09777777777777778,-0.7122222222222222,-1.383173432205506,-1.177006414313676,-5.267621848675386,4.422227992240632,-0.11671889372712078,0.3937899124812206,0.5853271484375,-0.16461181640625,-0.12060546875,0.78472900390625,0.20871238407865772,0.4823119900107394,0.3051113371361419
1589550662.9105039,2.65,-0.53,17.95,0.5455555555555556,0.09777777777777778,-0.7122222222222222,-0.6457718232379019,0.001090830782496456,-3.0139654520377075,4.451680423368036,-0.10581058590215622,0.4036073895236887,0.59619140625,-0.16461181640625,-0.12548828125,0.77569580078125,0.20871238407865772,0.4823119900107394,0.30702113579835705
1589550662.9192824,0.36,0.64,13.23,0.5544444444444444,0.16111111111111112,-0.7122222222222222,1.1617347833587257,0.4112432050011639,-2.9059732045705586,4.481132854495441,-0.09817477042468103,0.394880743263717,0.608154296875,-0.16107177734375,-0.1221923828125,0.76763916015625,0.2192711697691173,0.4823119900107394,0.30702113579835705
1589550662.9288626,-1.04,0.69,4.13,0.5544444444444444,0.16111111111111112,-0.7122222222222222,1.4300791558528536,0.7079491778402,-2.6561729553788704,4.508403624057853,-0.09490227807719166,0.3839724354387525,0.6195068359375,-0.15789794921875,-0.11688232421875,0.760009765625,0.2192711697691173,0.49094599362502317,0.3015432709413334
1589550662.9392385,-0.4,-1.26,8.23,0.5544444444444444,0.16111111111111112,-0.7122222222222222,-0.3337942194439155,0.05781403147231216,-1.8096882681616204,4.525856916577796,-0.08835729338221293,0.3883357585687383,0.62591552734375,-0.1580810546875,-0.11932373046875,0.75433349609375,0.20871238407865772,0.44194471376482086,0.30702113579835705
1589550662.9496384,0.88,-1.26,8.0,0.5544444444444444,0.16111111111111112,-0.7122222222222222,-0.3294308963139297,-0.3359758810089084,-1.0941032748439452,4.535674393620264,-0.0818123086872342,0.39269908169872414,0.62945556640625,-0.1572265625,-0.12237548828125,0.75103759765625,0.20871238407865772,0.44194471376482086,0.30702113579835705
1589550662.960994,0.23,-1.96,7.01,0.5544444444444444,0.16111111111111112,-0.7122222222222222,0.22143864884678055,0.234528618236738,-0.6174102228929941,4.5422193783152425,-0.0818123086872342,0.39051742013373125,0.63201904296875,-0.15704345703125,-0.12127685546875,0.7491455078125,0.23523431129047254,0.3248417572103921,0.32083268013065175
1589550662.9743032,-0.02,-2.27,9.6,0.5044444444444445,0.23555555555555555,-0.6911111111111111,-0.007635815477475192,0.0,-0.23561944901923448,4.545491870662731,-0.08072147790473774,0.39051742013373125,0.63287353515625,-0.1568603515625,-0.1214599609375,0.7484130859375,0.2498081443595784,0.3723890828255631,0.3291641949951565
1589550662.980914,-0.08,-2.32,10.05,0.5044444444444445,0.23555555555555555,-0.6911111111111111,-0.11671889372712078,-0.13962634015954636,0.031634092692397225,4.544401039880236,-0.07963064712224129,0.3916082509162277,0.632568359375,-0.15673828125,-0.122314453125,0.74853515625,0.2498081443595784,0.3723890828255631,0.3291641949951565
1589550662.9942734,-0.32,-2.4,9.11,0.5044444444444445,0.23555555555555555,-0.6911111111111111,0.0545415391248228,0.0545415391248228,0.17453292519943295,4.543310209097739,-0.08072147790473774,0.3916082509162277,0.63201904296875,-0.1568603515625,-0.121826171875,0.74908447265625,0.23640729479891587,0.3863657601866544,0.2718673071164087
1589550663.0010655,-0.4,-2.34,8.76,0.5044444444444445,0.23555555555555555,-0.6911111111111111,0.00545415391248228,-0.02399827721492203,0.21380283336930533,4.541128547532746,-0.08072147790473774,0.3916082509162277,0.6312255859375,-0.15692138671875,-0.1217041015625,0.749755859375,0.23640729479891587,0.3863657601866544,0.2718673071164087
1589550663.015792,-0.47,-2.28,8.92,0.5044444444444445,0.23555555555555555,-0.6911111111111111,-0.07090400086226964,-0.02399827721492203,0.234528618236738,4.537856055185257,-0.0818123086872342,0.3916082509162277,0.63031005859375,-0.15716552734375,-0.12188720703125,0.75042724609375,0.24594558356075796,0.3248417572103921,0.316711414149526
1589550663.0210476,-0.72,-2.52,8.6,0.5288888888888889,0.2733333333333333,-0.7055555555555556,0.01090830782496456,-0.008726646259971648,0.2825251726665821,4.535674393620264,-0.08290313946973066,0.3916082509162277,0.6292724609375,-0.1573486328125,-0.12164306640625,0.75128173828125,0.24594558356075796,0.3248417572103921,0.316711414149526
1589550663.0303302,-0.75,-2.7,9.2,0.5288888888888889,0.2733333333333333,-0.7055555555555556,0.05235987755982988,0.01308996938995747,0.37742745074377376,4.532401901272774,-0.0839939702522271,0.39051742013373125,0.62799072265625,-0.15740966796875,-0.12109375,0.75244140625,0.20253976807889823,0.3248417572103921,0.316711414149526
1589550663.0393538,-0.73,-2.68,8.63,0.5288888888888889,0.2733333333333333,-0.7055555555555556,0.017453292519943295,-0.019634954084936207,0.48432886742842646,4.526947747360293,-0.08617563181722002,0.39051742013373125,0.626220703125,-0.1575927734375,-0.1207275390625,0.75396728515625,0.20253976807889823,0.41075044065421673,0.34953162930465587
1589550663.0499964,-0.74,-2.76,9.09,0.5288888888888889,0.2733333333333333,-0.7055555555555556,0.0,-0.022907446432425576,0.5955936072430649,4.52149359344781,-0.08835729338221293,0.3894265893512348,0.6240234375,-0.1578369140625,-0.120361328125,0.75579833984375,0.24108828042763367,0.41075044065421673,0.34953162930465587
1589550663.0615165,-7.48,-29.41,7.09,0.5288888888888889,0.2733333333333333,-0.7055555555555556,0.0,-0.019634954084936207,0.6774059159302992,4.514948608752831,-0.09053895494720585,0.3894265893512348,0.62152099609375,-0.158203125,-0.119873046875,0.75787353515625,0.24108828042763367,0.35424139487837897,0.28431427739652515
1589550663.0732267,-0.31,-2.07,8.98,0.5333333333333333,0.25,-0.6911111111111111,-0.06654067773228381,-0.1832595714594046,0.15053464798451094,4.512766947187838,-0.08944812416470939,0.3894265893512348,0.62078857421875,-0.15777587890625,-0.12054443359375,0.7584228515625,0.2016607393254627,0.4492681034496481,0.28598735499456934
1589550663.0793278,-0.58,-0.1,10.83,0.5333333333333333,0.25,-0.6911111111111111,-0.1287180323345818,0.01854412330243975,-1.1879147221386406,4.524766085795299,-0.08508480103472357,0.3916082509162277,0.62506103515625,-0.15753173828125,-0.12188720703125,0.75469970703125,0.2016607393254627,0.4492681034496481,0.28598735499456934
1589550663.091933,-1.49,-2.69,8.98,0.5333333333333333,0.25,-0.6911111111111111,0.31852258848896514,0.35452000431134817,-1.036289243371633,4.535674393620264,-0.0839939702522271,0.3894265893512348,0.6292724609375,-0.15728759765625,-0.12042236328125,0.75152587890625,0.23640729479891587,0.42056425696985505,0.28598735499456934
1589550663.09978,-0.88,-2.53,9.73,0.5333333333333333,0.25,-0.6911111111111111,-0.0643590161672909,-0.030543261909900768,-0.4363323129985824,4.5389468859677535,-0.08290313946973066,0.39051742013373125,0.63079833984375,-0.1571044921875,-0.12109375,0.7501220703125,0.23640729479891587,0.42056425696985505,0.30702113579835705
1589550663.1118865,-0.11,-5.65,8.49,0.5333333333333333,0.25,-0.6911111111111111,-0.13308135546456762,-0.06872233929727672,0.02181661564992912,4.5389468859677535,-0.0818123086872342,0.3916082509162277,0.630615234375,-0.15728759765625,-0.12176513671875,0.75018310546875,0.22864012614037754,0.5096043784948763,0.30895340572783037
1589550663.1192973,-2.68,-9.01,8.23,0.5333333333333333,0.2677777777777778,-0.6911111111111111,0.061086523819801536,0.02181661564992912,0.12544553998709243,4.537856055185257,-0.08290313946973066,0.3916082509162277,0.63018798828125,-0.1572265625,-0.12139892578125,0.7506103515625,0.22864012614037754,0.5096043784948763,0.30895340572783037
1589550663.1298685,-2.68,-9.01,8.23,0.5333333333333333,0.2677777777777778,-0.6911111111111111,0.061086523819801536,0.02181661564992912,0.12544553998709243,4.537856055185257,-0.08290313946973066,0.3916082509162277,0.63018798828125,-0.1572265625,-0.12139892578125,0.7506103515625,0.23523431129047254,0.5146036866178766,0.33562603819066317
1589550663.1448698,-1.25,-4.02,8.52,0.5333333333333333,0.2677777777777778,-0.6911111111111111,0.056723200689815706,0.04363323129985824,-0.15817046346198613,4.541128547532746,-0.0818123086872342,0.3916082509162277,0.6314697265625,-0.156982421875,-0.12164306640625,0.74957275390625,0.22753801560653777,0.4275914443905159,0.31468770072761004
1589550663.150814,-1.02,-3.89,8.79,0.5333333333333333,0.2677777777777778,-0.6911111111111111,0.025089107997418484,0.025089107997418484,-0.01090830782496456,4.541128547532746,-0.0818123086872342,0.3916082509162277,0.63153076171875,-0.15704345703125,-0.1214599609375,0.74951171875,0.22753801560653777,0.4275914443905159,0.31468770072761004
1589550663.1659029,-0.87,-4.08,9.14,0.5333333333333333,0.2677777777777778,-0.6911111111111111,-0.04363323129985824,-0.0272707695624114,-0.004363323129985824,4.541128547532746,-0.08072147790473774,0.3916082509162277,0.6314697265625,-0.15704345703125,-0.1217041015625,0.74951171875,0.23303536992048876,0.42056425696985505,0.31468770072761004
1589550663.1719213,-0.99,-3.95,8.88,0.5277777777777778,0.27,-0.7122222222222222,-0.007635815477475192,0.007635815477475192,-0.002181661564992912,4.541128547532746,-0.08072147790473774,0.3916082509162277,0.6314697265625,-0.15704345703125,-0.1217041015625,0.74951171875,0.23303536992048876,0.42056425696985505,0.3863657601866544
1589550663.1838715,-1.04,-3.97,8.81,0.5277777777777778,0.27,-0.7122222222222222,0.001090830782496456,-0.002181661564992912,0.002181661564992912,4.541128547532746,-0.08072147790473774,0.3916082509162277,0.6314697265625,-0.15704345703125,-0.1217041015625,0.74951171875,0.22644579565399758,0.4308257391109686,0.3567681567603077
1589550663.1899214,-0.99,-3.9,8.81,0.5277777777777778,0.27,-0.7122222222222222,0.008726646259971648,0.002181661564992912,0.001090830782496456,4.541128547532746,-0.08072147790473774,0.3916082509162277,0.6314697265625,-0.15704345703125,-0.1217041015625,0.74951171875,0.22644579565399758,0.4308257391109686,0.3567681567603077
